 0.27729223416497149E-03
 0.24018154338713506E-02
 0.22068607839059321E-02
 0.22511015797260455E-02
 0.11424611972060421E-02
 0.15944669793530554E-02
 0.92226424113789503E-03
 0.91657250830825187E-03
 0.65630960960137447E-03
 0.65265967246308097E-03
 0.41184671361896627E-03
 0.10243210242937904E-02
 0.12247727089962053E-02
 0.82882305505318327E-03
 0.50674003491413331E-03
 0.62192807473462387E-03
 0.30941181011685717E-03
 0.30995825680299406E-03
 0.17202338519061976E-03
 0.17457226288450316E-03
 0.51265939874848275E-06
 0.11637414284788863E-05
 0.44310347648524617E-06
 0.41984390739012572E-08
 0.51555470423816830E-06
 0.11974424725501789E-05
 0.45059423014241192E-06
 0.40971023604778114E-08
 0.15407554125431970E-03
 0.20802352469026332E-03
 0.15473101547852395E-03
 0.41183713594296242E-03
 0.23211766379239749E-03
 0.39846869758800707E-03
 0.26810852896698571E-04
 0.40883691157937347E-06
